%YAML:1.0
---
matriz inicial: !!opencv-matrix
   rows: 3
   cols: 3
   dt: f
   data: [ 9.89205003e-01, 3.17813526e-03, 1.79628639e+01,
       -7.87802041e-03, 1.01807141e+00, 4.34871387e+00, -1.25735751e-05,
       5.03831234e-06, 1. ]
