%YAML:1.0
---
Matriz Distorsion: !!opencv-matrix
   rows: 1
   cols: 14
   dt: d
   data: [ 1.7281668127232042e+01, 2.1959966270341806e+02,
       7.1602627925953111e-04, -2.0527126580971073e-04,
       -5.2859709426261475e+02, 1.7612777767168570e+01,
       2.2786484979917446e+02, -4.8899890052759099e+02, 0., 0., 0., 0.,
       0., 0. ]
