%YAML:1.0
---
Matriz Distorsion: !!opencv-matrix
   rows: 1
   cols: 5
   dt: d
   data: [ -3.6841098727027499e-01, 2.0610707749714607e-01,
       -5.1000080704543497e-04, -1.9346671169027376e-04,
       -9.0732699097240313e-02 ]
