%YAML:1.0
---
Matriz Distorsion: !!opencv-matrix
   rows: 1
   cols: 5
   dt: d
   data: [ 1.5294514720321969e-01, -6.6678637569096644e-01,
       -5.9789111178743170e-03, 4.9419910529642577e-03,
       6.9632299259081187e-01 ]
